14:41:27 625 40.630572 -8.661340 29 316.0
14:41:28 625 40.630712 -8.661420 31 317.6
14:41:29 625 40.630780 -8.661472 32 318.3
14:41:30 625 40.630848 -8.661513 31 319.6
14:41:31 625 40.630900 -8.661551 31 319.6
14:41:32 625 40.630984 -8.661606 31 321.3
14:41:33 625 40.631052 -8.661657 31 322.2
14:41:34 625 40.631120 -8.661689 30 323.4
14:41:35 625 40.631188 -8.661721 29 324.5
14:41:36 625 40.631256 -8.661753 28 326.7
14:41:37 625 40.631328 -8.661785 30 333.6
14:41:38 625 40.631408 -8.661817 31 344.9
14:41:39 625 40.631484 -8.661849 31 345.3
14:41:40 625 40.631564 -8.661871 32 349.6
14:41:41 625 40.631644 -8.661874 31 353.3
14:41:43 625 40.631728 -8.661858 31 355.3
14:41:44 625 40.631816 -8.661855 33 358.4
14:41:45 625 40.631908 -8.661865 35 1.9
14:41:46 625 40.631996 -8.661857 35 4.4
14:41:47 625 40.632088 -8.661814 36 7.6
14:41:48 625 40.632208 -8.661801 37 8.8
14:41:49 625 40.632352 -8.661770 41 13.3
14:41:50 625 40.632496 -8.661686 43 17.0
14:41:51 625 40.632596 -8.661644 43 17.0
14:41:52 625 40.632716 -8.661581 46 19.1
14:41:53 625 40.632824 -8.661518 46 20.4
14:41:54 625 40.632928 -8.661485 44 21.5
14:41:27 628 40.630772 -8.661455 28 320.8
14:41:28 628 40.630858 -8.661529 25 323.3
14:41:29 628 40.630948 -8.661593 29 329.9
14:41:30 628 40.631020 -8.661657 37 332.9
14:41:31 628 40.631085 -8.661689 37 332.9
14:41:32 628 40.631160 -8.661721 29 334.6
14:41:33 628 40.631228 -8.661753 29 336.0
14:41:34 628 40.631300 -8.661785 30 337.9
14:41:35 628 40.631380 -8.661817 30 338.8
14:41:36 628 40.631456 -8.661849 29 339.9
14:41:37 628 40.631532 -8.661851 29 340.9
14:41:38 628 40.631600 -8.661861 29 341.8
14:41:39 628 40.631672 -8.661878 29 342.8
14:41:40 628 40.631748 -8.661864 30 344.2
14:41:42 628 40.631820 -8.661852 28 0.1
14:41:43 628 40.631896 -8.661842 29 1.5
14:41:44 628 40.631972 -8.661831 28 5.0
14:41:45 628 40.632048 -8.661822 30 7.0
14:41:46 628 40.632124 -8.661808 30 9.7
14:41:47 628 40.632196 -8.661783 30 12.3
14:41:48 628 40.632272 -8.661741 30 15.1
14:41:49 628 40.632408 -8.661695 29 19.4
14:41:50 628 40.632480 -8.661672 28 19.8
14:41:51 628 40.632550 -8.661637 28 19.8
14:41:52 628 40.632608 -8.661619 26 18.9
14:41:53 628 40.632672 -8.661594 26 17.6
14:41:54 628 40.632740 -8.661571 26 16.8
14:41:33 683 40.632692 -8.661557 49 197.6
14:41:34 683 40.632576 -8.661607 48 197.6
14:41:35 683 40.632456 -8.661658 48 197.6
14:41:36 683 40.632352 -8.661709 46 197.7
14:41:37 683 40.632244 -8.661750 46 197.5
14:41:38 683 40.632140 -8.661811 44 197.3
14:41:39 683 40.632032 -8.661888 43 196.2
14:41:40 683 40.631924 -8.661938 43 194.2
14:41:42 683 40.631816 -8.661957 43 193.2
14:41:43 683 40.631704 -8.661955 43 192.2
14:41:44 683 40.631596 -8.661959 42 191.0
14:41:45 683 40.631488 -8.661969 43 189.9
14:41:46 683 40.631380 -8.661919 43 188.5
14:41:47 683 40.631270 -8.661911 43 188.5
