0 0003 -8.659242508868182 40.64019188803884 15.044581 197.02884
1 0003 -8.659294238712333 40.64007581445163 14.163175 194.14874
2 0003 -8.659386518523872 40.63996954568606 14.380826 193.42528
3 0003 -8.659414113088502 40.639849492377195 14.858968 195.12526
4 0003 -8.65944687764582 40.63972370732101 15.140752 195.21916
4.1 0003 -8.65944687764582 40.63972370732101 15.140752 195.21916
4.1 0003 -8.65944687764582 40.63972370732101 15.140752 195.21916
5 0003 -8.659493231422406 40.639599702597124 15.279899 194.58942
6 0003 -8.659540343318957 40.639468450630744 15.279569 194.11679
7 0003 -8.659589408077167 40.639340114411006 15.013426 193.98918
8 0003 -8.65963028324953 40.639211960076956 14.5910225 194.52907
9 0003 -8.65966280390113 40.639090872511815 14.041505 195.2572
10 0003 -8.659708594399754 40.63897330110348 13.496511 196.05444
11 0003 -8.65975422264903 40.63886192137393 12.956377 196.50435
12 0003 -8.659797181538186 40.63875404629231 12.466621 196.5299
13 0003 -8.659833624142088 40.63864865599413 11.761429 195.7679
14 0003 -8.659857409794597 40.63855051146538 10.670596 192.8132
15 0003 -8.659866156240714 40.63846012140363 9.882275 178.96455
16 0003 -8.659815719960255 40.63838562997102 9.71494 148.45435
17 0003 -8.659734459375976 40.63832453066349 10.336985 129.21326
18 0003 -8.659630242281873 40.63827992471979 10.587867 116.833435
19 0003 -8.659513850376678 40.63823960160319 11.205708 112.21964
20 0003 -8.659390410997958 40.63820209773732 11.511744 112.54758
21 0003 -8.659274492030075 40.638158467997584 10.604335 120.48166
22 0003 -8.659165810446586 40.63811468364025 9.823423 125.02341
23 0003 -8.659063997066738 40.638071666944384 9.277081 124.47804
24 0003 -8.658973609728326 40.63803543760848 8.131329 122.212944
25 0003 -8.658897732635252 40.63800469836691 7.0487022 121.19806
26 0003 -8.658828932768566 40.63797726750896 7.1264224 122.86792
27 0003 -8.65876236773622 40.63794081691979 7.258833 134.01215
28 0003 -8.658716147972278 40.63788662758674 7.2927876 155.34285
29 0003 -8.658697393823983 40.63782390275894 7.7804265 184.01321
30 0003 -8.658713943097032 40.63775354311823 7.8928657 203.97183
31 0003 -8.658770439946434 40.63767344935102 8.142345 215.00513
32 0003 -8.658822670416479 40.63761642458498 6.648074 215.15886
33 0003 -8.658869210228195 40.63757530066578 4.6760263 220.35759
34 0003 -8.658905698512587 40.63754642871577 3.5194821 227.66676
35 0003 -8.658935703877031 40.63752245325025 3.2011878 216.06955
36 0003 -8.658949024918025 40.63750393186292 2.7543683 205.45166
37 0003 -8.658956432569939 40.63748515987071 2.485862 201.09596
38 0003 -8.658970834925414 40.63747045769986 1.6955298 201.83409
39 0003 -8.658980836657742 40.637457315596436 0.9512765 194.93079
40 0003 -8.658971921857713 40.637448804962524 0.854951 148.10103
41 0003 -8.65896116802305 40.63744012014592 1.7765942 130.26836
42 0003 -8.65895506992287 40.63742860116084 1.7321528 118.043495
43 0003 -8.658935311617984 40.63742415920585 1.7132581 102.237854
44 0003 -8.658914376874995 40.63742934349173 1.6857263 73.19138
45 0003 -8.658895050845548 40.6374401623171 1.7219751 47.699383
46 0003 -8.658895301231125 40.63743373323817 0.0 47.699383
47 0003 -8.658895710992924 40.63743516121471 0.72103304 289.95844
48 0003 -8.65890612902751 40.63743621777096 1.4973449 279.7934
49 0003 -8.658910113977855 40.637435083844565 0.6963791 277.5058
50 0003 -8.658923571233945 40.63743851131403 0.0 277.5058
51 0003 -8.658913219613341 40.63743662618949 1.4455864 65.94025
52 0003 -8.658888271414611 40.63744093105678 2.9529495 42.311443
53 0003 -8.658863153533327 40.6374628979715 3.7484012 29.221725
54 0003 -8.658835046266457 40.637493799368784 4.490658 26.272865
55 0003 -8.658804331409918 40.637528272169234 4.7759347 25.693394
56 0003 -8.658767701217847 40.637574944061825 5.7115655 24.163137
57 0003 -8.65873045877038 40.6376281781183 6.697449 24.621683
58 0003 -8.658692058887144 40.63768575657059 6.7344394 25.053705
59 0003 -8.658657753814015 40.637731789547296 6.383574 25.611988
60 0003 -8.65862336479201 40.63776586473516 5.193519 35.63506
61 0003 -8.658585870209793 40.637789917755605 4.1172028 59.431213
62 0003 -8.658543545750284 40.63779857870325 3.8700314 82.18192
63 0003 -8.658494971861689 40.637793431695194 4.6800957 103.088425
64 0003 -8.658431451571632 40.63777348634497 5.922607 117.32071
65 0003 -8.658365948189962 40.63774246061613 6.583725 119.98808
66 0003 -8.65829393520285 40.63770766672343 7.3731785 121.74385
67 0003 -8.658213693461 40.63766765169297 8.371355 120.69917
68 0003 -8.658122359487074 40.6376270969099 8.948841 119.92285
69 0003 -8.658027048671897 40.637566658717446 9.399476 122.9147
70 0003 -8.657932797243053 40.637513372491384 10.188889 127.13179
71 0003 -8.657839866312449 40.637453160129866 10.495209 131.60637
72 0003 -8.657753275086336 40.6373853633222 10.3198 136.92319
73 0003 -8.657672113330758 40.637321574544195 9.906382 138.46768
74 0003 -8.65759350923443 40.637261139281385 9.564086 136.01776
75 0003 -8.657515500940487 40.63719552201563 9.865518 136.5201
76 0003 -8.657436824221657 40.63713024787447 9.806605 135.47487
77 0003 -8.65735252676686 40.63706619106473 9.991768 134.35126
78 0003 -8.65727263201323 40.636997405934 10.0907 135.22037
79 0003 -8.657187945885083 40.63693507025108 10.044478 135.02553
80 0003 -8.657104733897564 40.636872804074635 9.810705 134.938
81 0003 -8.657024121050217 40.63681291714183 9.480715 134.46959
82 0003 -8.656949469400203 40.63675269643019 9.138586 135.02911
83 0003 -8.656877132783741 40.6367006914589 8.613656 134.76668
84 0003 -8.65681010087496 40.636652924250065 7.8312287 134.22601
85 0003 -8.656752418745656 40.63660924230193 6.7477875 134.67575
86 0003 -8.65669883163812 40.63657299852405 5.731458 136.49913
87 0003 -8.656650310301389 40.63653519125345 5.687209 135.49342
88 0003 -8.65659146961568 40.636491886715575 7.485566 133.14645
89 0003 -8.656520638718527 40.63643780953326 9.242231 132.57018
90 0003 -8.65643952158338 40.636379988470175 10.009761 134.31522
91 0003 -8.656351817105312 40.63632028488338 10.314239 132.9406
92 0003 -8.656267637521365 40.63625229743315 10.3204975 134.02702
93 0003 -8.65618216574457 40.63618710860553 10.249292 134.63747
94 0003 -8.656124425846555 40.63611134232439 9.083188 136.57974
95 0003 -8.656077069334716 40.63603416868917 8.767586 136.76454
96 0003 -8.656002597932163 40.635977012307016 8.913617 135.61853
97 0003 -8.65592642082662 40.63592266607781 8.842267 134.99467
98 0003 -8.65585508029427 40.6358699914465 8.547303 134.85081
99 0003 -8.655788102860216 40.63581787207842 7.984804 135.54398
100 0003 -8.655730657008316 40.635768240456684 7.351267 140.17155
101 0003 -8.655697022100961 40.635709257790445 6.3014026 170.21439
102 0003 -8.6557073637068 40.63565002095881 6.6884856 197.17761
103 0003 -8.655740382921454 40.63559942451623 7.068748 212.51852
104 0003 -8.655787534781174 40.63554320243927 7.6358757 210.63045
105 0003 -8.65583014260774 40.6354832533976 7.9318185 204.32289
106 0003 -8.655868414050016 40.635421274723285 7.4253073 200.88191
107 0003 -8.65590072234181 40.63536498687359 6.7681966 198.74637
108 0003 -8.655925704342257 40.63531608011753 5.6674156 192.84819
109 0003 -8.655931107732139 40.63526747872612 5.517168 175.9238
110 0003 -8.65591502532981 40.63522288470534 5.097028 149.16295
111 0003 -8.655867903623374 40.6351900917227 5.731704 117.50696
112 0003 -8.655798339181276 40.635172550524416 6.662793 98.26999
113 0003 -8.6557169068997 40.63516829955321 7.2799172 87.39271
114 0003 -8.655635204075823 40.635173502105836 7.420875 81.4852
115 0003 -8.65555558240893 40.63519034655597 7.3488727 69.691795
116 0003 -8.655478618898858 40.63522164827357 7.628191 55.349667
117 0003 -8.65541530837328 40.635269939235485 7.500672 41.06692
118 0003 -8.655368346858419 40.63532043578978 6.9530416 33.42182
119 0003 -8.65533084975863 40.6353771451634 6.8768845 22.87453
120 0003 -8.655305799074373 40.63544015488526 7.772734 10.329397
121 0003 -8.65531735602707 40.63550618830041 7.951926 341.38254
122 0003 -8.655361800451834 40.635576793156424 8.843691 326.8546
123 0003 -8.655430657868258 40.63564078234004 9.700086 318.36002
124 0003 -8.65551508841781 40.63570495539819 10.37477 314.36725
125 0003 -8.655603098267243 40.635766311371306 9.791216 314.6763
126 0003 -8.655688233759065 40.63582561192931 9.900975 316.30716
127 0003 -8.655771090699357 40.635888612272325 9.958109 316.65005
128 0003 -8.655854675602658 40.635953936847784 10.13335 316.06586
129 0003 -8.655940608909344 40.63602431479215 10.708202 316.63287
130 0003 -8.656030251962873 40.63609492028407 10.923452 316.51367
131 0003 -8.656117401988261 40.63616607715068 10.813271 316.6016
132 0003 -8.656205469968919 40.63623694003526 10.739944 316.25223
133 0003 -8.656291618968297 40.636305618507734 10.458579 316.7199
134 0003 -8.656379618305346 40.63637057290057 10.063506 315.90576
135 0003 -8.656453858102177 40.63643836323055 9.692717 314.47467
136 0003 -8.656521672846681 40.63651118161082 9.492643 313.7309
137 0003 -8.656601454937315 40.636573129604955 9.595498 314.8326
138 0003 -8.656686093772509 40.63662810390419 9.695674 315.88022
139 0003 -8.656766396761459 40.63669129506039 9.675379 316.96655
140 0003 -8.656850587965197 40.636751152996084 9.720593 317.23328
141 0003 -8.656937591331548 40.63681168088801 9.966163 316.37292
142 0003 -8.657021466441632 40.6368725584017 10.119642 316.47278
143 0003 -8.65710521333843 40.636938697833806 10.189079 316.81967
144 0003 -8.657190283715027 40.63700628020564 10.327766 316.99744
145 0003 -8.657277509717908 40.63707737516795 10.625728 316.4871
146 0003 -8.657366770727288 40.63714416963914 10.719874 315.02838
147 0003 -8.657458836077787 40.63720787688065 10.669396 313.96786
148 0003 -8.65754980539574 40.6372724965321 10.495576 313.9999
149 0003 -8.657641759930273 40.63733536867526 10.32079 314.38904
150 0003 -8.657731393011419 40.63739848270921 10.137831 314.8027
151 0003 -8.65781548325901 40.63746183049114 9.933862 315.32983
152 0003 -8.657897442741081 40.63752455138393 9.797176 316.15588
153 0003 -8.657978508692523 40.63758713286702 9.677416 316.6074
154 0003 -8.658058749492788 40.63764978879101 9.60497 317.1079
155 0003 -8.658135286062008 40.637712563316896 9.511915 316.94183
156 0003 -8.658216623492772 40.63777072988946 9.393131 313.65494
157 0003 -8.658303317924915 40.637823566343144 9.402744 309.20764
158 0003 -8.658397510362574 40.637873215891055 9.697912 304.535
159 0003 -8.65849815313979 40.63791982432925 9.696249 299.9317
160 0003 -8.658610372876973 40.63795671221792 9.90366 294.75558
161 0003 -8.658722333884613 40.63799649171744 10.425756 297.15814
162 0003 -8.658839442928238 40.63804155487807 11.159835 302.61246
163 0003 -8.658965120995672 40.63809098265439 12.053867 304.2852
164 0003 -8.659089723609437 40.63814798469165 12.34707 304.40262
165 0003 -8.659210550725751 40.638206788225375 11.748058 303.77255
166 0003 -8.659323913244352 40.63826007986692 10.766166 303.3835
167 0003 -8.65943332362055 40.638310783443316 10.026958 303.40613
168 0003 -8.65953482467006 40.6383593589028 9.485596 304.0902
169 0003 -8.659623779714384 40.63840837344466 9.167204 308.83264
170 0003 -8.659692808870897 40.63846908506144 8.917025 330.25168
171 0003 -8.659715906494602 40.63854809856897 9.2676935 4.0194855
172 0003 -8.65968790434456 40.63863300542345 9.841007 21.033812
173 0003 -8.659644113876139 40.63872576393202 11.187087 16.548811
174 0003 -8.659602294494519 40.63882843475102 12.315351 16.350529
175 0003 -8.65955830089989 40.63893859012955 13.13643 16.743649
176 0003 -8.659510757935244 40.63905306572964 13.391814 16.954617
177 0003 -8.659466220241066 40.63916893605264 13.162388 15.878654
178 0003 -8.659424944974214 40.63928440581368 13.076557 14.326583
179 0003 -8.659387592954248 40.63939963164887 13.184974 14.35971
180 0003 -8.659348071708976 40.63951487199128 13.51901 15.7913
181 0003 -8.659302939347462 40.63963094059302 13.526404 16.653292
182 0003 -8.659256412200651 40.639748163431236 13.684714 17.052742
183 0003 -8.659208406206227 40.639866864541304 13.855675 17.177656
184 0003 -8.65916213842639 40.63998470174598 13.720295 17.107145
185 0003 -8.65911808821052 40.64009865677433 13.416895 16.524252
186 0003 -8.659074357194264 40.64021146499386 13.116583 15.742244
187 0003 -8.659035974932422 40.64032426638302 12.946588 14.534962
188 0003 -8.65899876987876 40.64043756639808 12.871844 13.5437
189 0003 -8.658964902223211 40.64055194961387 12.907821 12.707121
190 0003 -8.658935586097366 40.6406682975074 12.925679 12.088678
191 0003 -8.65890712397217 40.64078095795152 12.779595 11.064186
192 0003 -8.658884099650933 40.64089069956444 12.4249735 9.484089
193 0003 -8.658865755808627 40.640993855606446 12.090287 8.226152
194 0003 -8.658841826289969 40.64109841673238 11.643195 9.923319
195 0003 -8.658810946975427 40.64119758594124 11.169538 15.71602
196 0003 -8.65876620465578 40.641290743139905 10.880586 25.124899
197 0003 -8.658700217689962 40.64137175285403 10.6706 36.138977
198 0003 -8.65861757608502 40.64144298466712 10.606274 43.098892
199 0003 -8.65852795669418 40.641509834383 10.584574 45.958706
200 0003 -8.658434892856086 40.64157414490573 10.527322 48.58705
201 0003 -8.658342347225947 40.64163005283322 10.197319 53.05466
202 0003 -8.658243856319631 40.64166050788235 8.657351 73.12807
203 0003 -8.658146022829381 40.641669643162636 8.299292 91.97052
204 0003 -8.658047213646554 40.641644844967836 8.01351 112.48444
205 0003 -8.657959035728702 40.641611685484214 7.4376364 120.359535
206 0003 -8.657887021353218 40.64156070094765 7.0362597 128.87158
207 0003 -8.657821538709282 40.64152191201308 6.639427 132.94211
208 0003 -8.657768127097192 40.641476493423525 6.4964113 146.17645
209 0003 -8.65772495323517 40.64142431999821 7.295936 150.56372
210 0003 -8.657671733770199 40.64137859123752 7.8313518 147.51534
211 0003 -8.657617938605219 40.64131969331902 8.241704 145.81248
212 0003 -8.657560340622112 40.64125456155418 9.014055 144.8896
213 0003 -8.657495947150476 40.64118400740719 9.602957 143.84395
214 0003 -8.657427085886852 40.64111268517654 9.777608 143.1744
215 0003 -8.657357499277104 40.64104104053478 9.761286 143.04692
216 0003 -8.65729060894251 40.64097581283331 9.075659 141.91801
217 0003 -8.657226501075842 40.64091760830084 8.047494 138.81648
218 0003 -8.657162679791885 40.64086483896489 7.7610173 134.11296
219 0003 -8.657093883646223 40.64081911613354 7.670072 125.94648
220 0003 -8.657020352238751 40.6407800714748 7.4561586 121.03513
221 0003 -8.656943785145515 40.640749092531756 7.203821 115.888275
222 0003 -8.656842918751185 40.64074498505561 7.128108 108.74003
223 0003 -8.656744333009465 40.64072942397878 7.0549645 106.332214
224 0003 -8.656661513619602 40.640703128121466 7.202085 104.5462
225 0003 -8.65657081484777 40.64068009653212 7.443889 100.08436
226 0003 -8.656482257808646 40.640681125670866 7.689549 90.76367
227 0003 -8.656395593386046 40.640690578604165 7.9150167 71.98815
228 0003 -8.656313630549725 40.640717720561085 8.190286 60.832165
229 0003 -8.656234452183435 40.64075421787537 8.580975 56.114456
230 0003 -8.656153378353537 40.640792762520064 9.427011 57.70835
231 0003 -8.656063231946256 40.640833707899034 9.517344 59.736904
232 0003 -8.65597618353432 40.640873031486066 9.03114 59.641403
233 0003 -8.655890698964022 40.64090740483479 8.515638 60.552696
234 0003 -8.655805686718509 40.64094026754658 8.044493 61.641468
235 0003 -8.655721989795072 40.64097048432744 7.928075 64.492195
236 0003 -8.655635630959924 40.64099331500987 8.094529 74.54889
237 0003 -8.655545273134043 40.64100893808135 8.203313 80.94971
238 0003 -8.65545116935849 40.6410208643601 8.545558 79.41987
239 0003 -8.655350486841112 40.6410365790397 8.997839 75.41387
240 0003 -8.655248981896868 40.64105691108407 9.433255 73.708626
241 0003 -8.655144402835885 40.641075541138065 9.376676 76.00049
242 0003 -8.65504352902722 40.641093630159105 8.959197 77.66795
243 0003 -8.654943145918848 40.64110835112593 8.713543 79.34209
244 0003 -8.65484442355143 40.64112091034164 8.464442 80.06653
245 0003 -8.654748153861853 40.64112932152938 8.356346 80.41809
246 0003 -8.65465129235048 40.64114216362054 8.329537 79.10693
247 0003 -8.654556616118036 40.64115929217194 8.284441 77.478325
248 0003 -8.654467271716106 40.64117627650277 8.254321 78.285385
249 0003 -8.65437681394373 40.64119438375792 8.312089 80.27756
250 0003 -8.654286168016416 40.64120389192056 8.106204 83.80896
251 0003 -8.654200029571655 40.64120546762779 7.5397654 88.33987
252 0003 -8.65411783762356 40.641204787695145 7.0544257 92.14533
253 0003 -8.654042578298302 40.64120231578174 6.228622 95.6116
254 0003 -8.653981923444183 40.6411922662531 5.269715 100.36935
255 0003 -8.653927415984663 40.641182947131504 4.593721 105.05599
256 0003 -8.653876903213138 40.64117271116681 4.381699 107.08324
257 0003 -8.65382463810503 40.641163799284044 4.3965735 103.32633
258 0003 -8.653767868120648 40.641157322235166 4.8027644 97.473915
259 0003 -8.653697215010355 40.64116210558878 6.5339546 85.05967
260 0003 -8.653620529018204 40.64117601941552 6.585884 73.040054
261 0003 -8.65355815809639 40.64119862310072 5.5665574 52.099472
262 0003 -8.653516858462456 40.64123584467875 5.9873376 25.10721
263 0003 -8.653494601316503 40.64128952083535 6.944018 10.896242
264 0003 -8.653497406983693 40.64134297815863 5.940539 346.522
265 0003 -8.653526600437212 40.641389597524665 6.168945 325.90884
266 0003 -8.653576815367167 40.64142906357209 6.5099053 310.3649
267 0003 -8.653637822928266 40.64146055234828 5.9483366 295.50247
268 0003 -8.653701460080883 40.6414818799926 5.2000384 291.58038
269 0003 -8.653758568198832 40.64149968493936 5.2112446 289.49808
270 0003 -8.653819050387472 40.641518264414835 5.75288 290.72952
271 0003 -8.653889148099225 40.64153172958564 6.004635 282.6738
272 0003 -8.653955775218234 40.6415401527368 5.609043 275.05658
273 0003 -8.654023836049712 40.64154416992592 5.8133497 271.43127
274 0003 -8.65408846069048 40.64154592079399 5.5610437 270.69113
275 0003 -8.654153052781133 40.64154870904261 5.5974226 270.40207
276 0003 -8.654217243764338 40.64155145591557 5.743499 269.06555
277 0003 -8.654286805788256 40.64154750383859 6.130423 265.13092
278 0003 -8.654364323071 40.64154025667257 6.635734 263.7144
279 0003 -8.654443034645805 40.64154428817276 7.058676 263.32703
280 0003 -8.654527242923177 40.6415381827196 7.29511 263.47327
281 0003 -8.654619150666383 40.6415288757517 7.5735326 264.49878
282 0003 -8.654713053986788 40.64152184450446 7.7739124 265.92615
283 0003 -8.654802766984732 40.6415188176108 7.625427 267.72775
284 0003 -8.654889190962294 40.64151882784615 7.3261137 270.125
285 0003 -8.654972896739228 40.641525820374696 7.1204534 274.32886
286 0003 -8.655054236690347 40.641536436742086 6.8720074 278.78586
287 0003 -8.655133033910845 40.64154982946682 6.66079 282.2845
288 0003 -8.655206640298275 40.64156138280121 6.3548484 284.03854
289 0003 -8.655274397995694 40.64157406450781 5.988415 285.33154
290 0003 -8.655339685650127 40.64159390584828 5.906439 290.292
291 0003 -8.655404912563585 40.64161987683853 6.2071223 295.89166
292 0003 -8.655476680214328 40.641646953199995 6.7299404 296.65778
293 0003 -8.655546659630323 40.64167437513148 6.8940578 297.7541
294 0003 -8.65562031031679 40.641705442134466 7.018016 297.76883
295 0003 -8.655705358072476 40.64173108425244 7.316562 294.69272
296 0003 -8.655787338411757 40.64175722815655 7.5518103 292.65695
297 0003 -8.655868375480368 40.6417820103728 7.570359 291.14804
298 0003 -8.655951597311681 40.64180804328195 7.4235163 290.94995
299 0003 -8.656032221084965 40.641835890504034 7.1261573 292.37756
300 0003 -8.656107716829185 40.64186101841781 6.8564706 293.04498
301 0003 -8.656175333638307 40.64188100152793 6.449635 292.38843
302 0003 -8.65624215151089 40.64189980669621 5.8225083 293.2362
303 0003 -8.65630217042291 40.641918194673835 5.2391357 295.38846
304 0003 -8.656354133813903 40.641938211307625 4.859326 301.57462
305 0003 -8.656381194122272 40.641978052687485 5.4478807 333.31412
306 0003 -8.656387876851936 40.64203273926066 6.6071057 1.6110185
307 0003 -8.656376021502608 40.64209408999663 6.899573 12.95794
308 0003 -8.656357870759356 40.64215302799569 6.2107053 11.189086
309 0003 -8.656347888491135 40.64220844631284 5.794587 4.7868395
310 0003 -8.65634526511948 40.642256875115486 5.401114 1.3615694
311 0003 -8.656337365245507 40.64230413243139 5.165536 1.2673614
312 0003 -8.656334408331928 40.64234921761993 4.991277 358.96603
313 0003 -8.656329796365725 40.64239303109839 5.129006 358.91068
314 0003 -8.656324049286237 40.64243814203336 5.2321153 8.723988
315 0003 -8.656311889485533 40.64248474324059 5.473393 12.541067
316 0003 -8.65631556108024 40.64253091580945 5.296641 0.32626373
317 0003 -8.656341684499434 40.64257235213819 5.1371083 335.78366
318 0003 -8.656389928295317 40.64259906442238 4.5360117 294.4326
319 0003 -8.65644753610658 40.64261215278582 4.8843904 279.2548
320 0003 -8.656504765389164 40.64261613394043 4.680183 270.2164
321 0003 -8.656559805382326 40.64261105032164 5.043878 263.61737
322 0003 -8.656621707890578 40.642597963391694 5.3976183 255.21759
323 0003 -8.6566802374995 40.64257980825879 4.91964 245.13153
324 0003 -8.656730703231903 40.64255899072425 4.213822 240.94165
325 0003 -8.656772445292575 40.64254123875923 3.3870692 241.68323
326 0003 -8.656801341758483 40.642523204243275 2.7712753 241.10257
327 0003 -8.65682344777326 40.642514190042185 2.0962412 250.22372
328 0003 -8.656844351289124 40.64250469163699 1.8083462 250.08522
329 0003 -8.656865695501104 40.64249931207321 1.6477854 246.68634
330 0003 -8.656884180134844 40.642497430616764 1.333776 250.21393
331 0003 -8.656900279852847 40.64249594078665 0.9305949 247.51584
332 0003 -8.656908680481413 40.64249445376039 0.5155744 245.64874
333 0003 -8.656910444999442 40.64249273598542 0.0 245.64874
334 0003 -8.656910444999442 40.64249273598542 0.0 245.64874
335 0003 -8.656915977724232 40.64248974004285 0.49312776 242.3825
336 0003 -8.656929863075295 40.642485537548914 1.0566084 244.49918
337 0003 -8.656953771248144 40.64247691818824 1.6285381 243.6795
338 0003 -8.656977842050608 40.64246707863054 2.0292606 242.26477
339 0003 -8.657013469006607 40.642456965708334 2.7387865 243.72253
340 0003 -8.65705328274467 40.64244444831665 3.4598343 244.03268
341 0003 -8.657096523204208 40.64242832282206 4.1037107 244.3635
342 0003 -8.657145494636119 40.642408986723154 4.547014 243.7428
343 0003 -8.657204295937328 40.642390320557446 4.6608434 243.40866
344 0003 -8.657264461095547 40.64237462461753 4.6474333 242.81367
345 0003 -8.657310530152653 40.6423587885232 4.266651 242.82236
346 0003 -8.657355540612786 40.64234280067494 4.171155 242.91937
347 0003 -8.65740547072134 40.64232849123401 4.327244 245.33028
348 0003 -8.657467355870313 40.64231459487913 4.541958 247.48407
349 0003 -8.657522485363545 40.64229777311551 4.844091 248.76575
350 0003 -8.657570622778946 40.6422851700075 4.949491 248.62225
351 0003 -8.657618759820643 40.64226952037523 4.711322 247.63156
352 0003 -8.657661844230153 40.6422517946785 3.874588 240.35246
353 0003 -8.657705319027926 40.642234319986514 3.7235744 238.40364
354 0003 -8.65774545809388 40.642222590732764 3.5796297 244.23544
355 0003 -8.657786295359436 40.64221779577819 3.2473297 257.93585
356 0003 -8.657817626683979 40.64222414056416 3.1230617 296.18768
357 0003 -8.657843409078453 40.64224843513464 4.294401 328.0031
358 0003 -8.65787024758265 40.64228173018698 5.0840383 330.81894
359 0003 -8.657897769025835 40.64231891112731 5.0591083 324.23596
360 0003 -8.657930401786759 40.64235667710362 5.1488776 318.67285
361 0003 -8.657967209210106 40.64239411541023 5.2605467 321.68326
362 0003 -8.65800176738976 40.64243586921015 5.846864 326.63016
363 0003 -8.658039062735744 40.64247925839579 5.928548 327.45233
364 0003 -8.658088540625547 40.64251483553728 5.7906876 320.45874
365 0003 -8.65813017447266 40.6425514004793 5.5468903 318.06772
366 0003 -8.658172666644584 40.642585648878864 5.0461893 318.1156
367 0003 -8.658208823518029 40.64261834730717 4.5543284 317.62454
368 0003 -8.658244443692123 40.642635925031996 4.253207 315.39056
369 0003 -8.658283429316569 40.6426654698002 4.321792 314.71036
370 0003 -8.658320389922231 40.64269507376673 4.439475 314.8616
371 0003 -8.658364035705947 40.64272190752904 4.6816435 314.75983
372 0003 -8.65840687383484 40.64275343385953 4.8325114 315.61426
373 0003 -8.658448529961632 40.642785347332534 4.88733 316.23352
374 0003 -8.658486895124913 40.642815386620555 4.866931 317.36456
375 0003 -8.658523206935449 40.642846770741706 4.860515 317.7468
376 0003 -8.658561525997166 40.64287960647237 4.870674 318.02808
377 0003 -8.65860061880258 40.64291034777818 4.7676105 317.67365
378 0003 -8.65864083055155 40.64293842916619 4.5778956 316.80225
379 0003 -8.658679787496535 40.642964535557 4.330269 315.67545
380 0003 -8.658719226447287 40.64299099014092 4.417689 313.94113
381 0003 -8.658757413577584 40.643020397664166 4.837095 313.8676
382 0003 -8.658799486043485 40.64305517938911 5.306938 317.73563
383 0003 -8.658829194916724 40.64309588762206 5.047249 346.12155
384 0003 -8.658823848997171 40.6431377279135 5.134144 26.969284
385 0003 -8.658780876393767 40.6431718472112 4.978524 62.455585
386 0003 -8.658725446450017 40.64319042836945 5.0565286 64.11722
387 0003 -8.658656676209539 40.643201455055845 6.187002 76.36207
388 0003 -8.658576016010906 40.64322134113872 6.8904347 70.97082
389 0003 -8.658499386856201 40.64324467885598 6.901145 62.849182
390 0003 -8.65842772119398 40.64327516776463 6.9223413 54.668884
391 0003 -8.658359023340827 40.643314424924576 7.431434 50.72918
392 0003 -8.658291305094831 40.643356206250225 7.8703046 49.19043
393 0003 -8.658218615776244 40.64340303345709 8.307282 50.233597
394 0003 -8.65814790237517 40.643450189988826 7.9825377 51.252
395 0003 -8.658081216942607 40.643492826552304 7.0763636 50.279808
396 0003 -8.658025431833233 40.643526319547604 5.189049 52.196228
397 0003 -8.657983240120101 40.64355188580888 3.899513 55.179276
398 0003 -8.6579440973726 40.64357334373045 4.184469 54.9586
399 0003 -8.657893804103571 40.64360115593851 6.2346206 53.105904
400 0003 -8.657828932866819 40.64363766512447 7.6525307 52.17887
401 0003 -8.657754828606535 40.64368110905242 8.333968 52.177876
402 0003 -8.657678639961786 40.643727326863065 7.9744587 51.33067
403 0003 -8.657604092266709 40.64377286291244 7.787112 51.622063
404 0003 -8.65753302633006 40.643814819595114 7.169426 51.909916
405 0003 -8.657466438476824 40.643852210743255 6.580189 52.26795
406 0003 -8.657406787134242 40.643886713502624 5.646263 52.413784
407 0003 -8.657357068991324 40.643913217723586 4.9269404 51.21787
408 0003 -8.657316873483213 40.64393821344609 4.3918767 50.238213
409 0003 -8.657275262147886 40.643966806221506 4.7949204 51.289207
410 0003 -8.657221624503238 40.643998772637794 6.1916294 53.133617
411 0003 -8.657155926465075 40.64403633856974 7.7178392 52.43192
412 0003 -8.657078864797663 40.64408035706983 8.547953 52.413208
413 0003 -8.65699855963906 40.64412687771621 8.53668 53.53173
414 0003 -8.656919606445927 40.64417133276573 8.179473 52.84427
415 0003 -8.65684510113305 40.644214155658275 7.6781926 52.83593
416 0003 -8.65677557461484 40.644253284229016 7.227438 52.376453
417 0003 -8.6567130616832 40.64429007831461 6.4573174 51.22299
418 0003 -8.656658315012413 40.644322886101605 5.442545 51.883724
419 0003 -8.656609946784949 40.644351070257464 5.0491037 52.61586
420 0003 -8.656554078077262 40.64438120385393 6.159619 55.06911
421 0003 -8.656485996466072 40.64442011749778 7.7327433 53.626984
422 0003 -8.656408447303294 40.644464146148735 8.788943 51.649147
423 0003 -8.656327671103906 40.64451481536557 8.858324 50.709587
424 0003 -8.656248275876301 40.6445619064138 8.372067 52.005146
425 0003 -8.656170641231519 40.644608413151765 8.039004 52.26883
426 0003 -8.656099514656836 40.644650755239155 7.3830986 51.60344
427 0003 -8.656034335817496 40.6446879583012 6.4823017 50.82128
428 0003 -8.655978525456717 40.64472096979859 5.4521008 52.32321
429 0003 -8.65592688293055 40.644750410298684 5.0080748 53.645576
430 0003 -8.655874601194174 40.644780351298024 5.782177 54.47065
431 0003 -8.655813635304707 40.64481784243867 7.239458 51.447735
432 0003 -8.655742678999536 40.644862276328304 8.3979025 52.693428
433 0003 -8.655662188455434 40.64490873908438 8.390456 53.426838
434 0003 -8.655582304189576 40.6449530630107 7.972907 53.175777
435 0003 -8.655506720261348 40.644994813000174 7.7175636 52.315098
436 0003 -8.655432442749387 40.64503592239064 7.903571 52.343727
437 0003 -8.655358476573157 40.64507699623817 7.730556 52.049313
438 0003 -8.655291436935567 40.64511881885998 7.265054 50.603096
439 0003 -8.655228900808943 40.64515933247385 6.68621 49.701252
440 0003 -8.655170977109327 40.645196848014145 6.336008 50.71115
441 0003 -8.655109219063412 40.64523526611817 6.815578 52.3514
442 0003 -8.65503546760049 40.645280091854644 8.560818 53.809883
443 0003 -8.65494946164692 40.645326053231976 9.025173 52.845963
444 0003 -8.654864422114743 40.645374672870474 9.079906 53.00636
445 0003 -8.654780759192 40.645422561322526 8.899232 52.630913
446 0003 -8.654699921336398 40.64546899755405 8.503933 52.20636
447 0003 -8.654630228922208 40.64551010544884 6.73186 50.415134
448 0003 -8.654578125694632 40.64554510427153 5.345493 52.152725
449 0003 -8.654532996566711 40.64557276698391 4.736012 53.07188
450 0003 -8.654489791014834 40.64559631283077 4.9960566 53.569916
451 0003 -8.65444147689053 40.645624703585916 5.3140864 53.424156
452 0003 -8.654385800271932 40.64565708443133 6.1710854 52.456882
453 0003 -8.654320546639921 40.64569380610104 7.160993 53.014656
454 0003 -8.65424577207578 40.6457373296188 8.016625 52.364155
455 0003 -8.654165465525875 40.64578385821702 8.651743 51.59213
456 0003 -8.654081674372026 40.64583568063165 9.1035385 51.691982
457 0003 -8.653994117301393 40.64588778041198 9.329169 52.22486
458 0003 -8.653906070908741 40.6459401913332 9.326944 52.726807
459 0003 -8.653817675017343 40.645991080911315 9.330771 52.901443
460 0003 -8.653729094744515 40.64604233050531 9.340628 52.666744
461 0003 -8.653642402435187 40.64609465190591 9.42815 52.22531
462 0003 -8.653551726498776 40.64614645756456 9.767575 52.380146
463 0003 -8.65345656277727 40.64620255842459 10.35534 52.594124
464 0003 -8.653358012528475 40.64626149067799 11.005916 52.33382
465 0003 -8.653253324988619 40.646322823978544 11.403812 52.1031
466 0003 -8.653147535928248 40.64638491384312 11.425364 52.207573
467 0003 -8.653045644906685 40.64644011307005 11.023197 52.895252
468 0003 -8.652945245607922 40.64649256390149 10.6242695 53.789234
469 0003 -8.652845214016592 40.64654199386241 10.257238 55.169476
470 0003 -8.652749751807209 40.64658926599965 9.564403 57.038033
471 0003 -8.652658472391215 40.64661705276911 7.8130326 79.35822
472 0003 -8.652580372100434 40.646606778971716 6.659912 122.28132
473 0003 -8.652525574739226 40.64656618730734 6.408282 144.11047
474 0003 -8.652485825641431 40.64651959272674 6.1890798 146.5503
475 0003 -8.652449935554188 40.646470672908116 6.1289277 149.01439
476 0003 -8.652426148456776 40.64641713945769 6.0820255 161.9976
477 0003 -8.652421454211153 40.64636090902693 6.1612945 190.11957
478 0003 -8.65245114404368 40.64631265985652 6.8982496 219.12921
479 0003 -8.652512318408794 40.64627349158947 7.262714 235.60489
480 0003 -8.652579829002853 40.64624062223956 7.203698 236.01111
481 0003 -8.652651889449613 40.64620613981922 7.3539605 234.34366
482 0003 -8.652720018757648 40.64617225774442 6.973227 230.13895
483 0003 -8.652774021521038 40.646133210880336 6.04655 217.75316
484 0003 -8.652801735881749 40.64608839145226 5.1262755 190.88351
485 0003 -8.652795299334349 40.646044075249016 5.4028287 159.89528
486 0003 -8.652763352311307 40.645999384791715 5.8301287 149.2457
487 0003 -8.65272463965153 40.64595323037217 5.9445567 151.74025
488 0003 -8.652688635351343 40.64590376416205 6.1802526 155.84067
489 0003 -8.652660094742895 40.64585471783332 5.7400517 155.87329
490 0003 -8.652630180163703 40.6458184219517 3.7371056 146.24283
491 0003 -8.652624270508474 40.645801037525295 0.3694681 192.83559
492 0003 -8.652605629454216 40.64579044278168 0.0 192.83559
493 0003 -8.652612584717055 40.64578519433536 0.4004013 126.67108
494 0003 -8.652603304117036 40.64578689037491 1.5147004 86.8862
495 0003 -8.652578113264909 40.64579770390787 3.001441 66.72228
496 0003 -8.652535967473366 40.64582175821601 4.8373594 56.41364
497 0003 -8.652493567913359 40.6458453704572 4.54157 57.476097
498 0003 -8.652445274922304 40.645869059216146 5.0501213 59.063435
499 0003 -8.652384499910145 40.64589681258766 6.384306 60.34289
500 0003 -8.652315601213523 40.645934383475144 7.2401896 56.928314
501 0003 -8.652239827028467 40.645971446111645 7.6271954 57.73173
502 0003 -8.652170382720872 40.64600245178663 7.3953114 59.370743
503 0003 -8.652118866278345 40.64602538791582 5.919862 61.343227
504 0003 -8.652071897571549 40.64604675889346 5.4326987 59.95426
505 0003 -8.65200353264729 40.646072899667736 5.9028745 61.241245
506 0003 -8.651943147908378 40.646096067761235 5.892821 62.540184
507 0003 -8.65188141671557 40.64612257166176 5.7386518 62.45131
508 0003 -8.651847101661462 40.64613305155173 5.552211 60.41523
509 0003 -8.651807949600535 40.646147222492225 5.396404 61.78241
510 0003 -8.651763889909738 40.646161656701025 5.1806655 62.98696
511 0003 -8.651708653965473 40.646181683900146 4.7023406 67.42542
512 0003 -8.6516721668937 40.64619657315002 4.4523425 65.3331
513 0003 -8.651635029125156 40.64622608777379 4.196814 49.91971
514 0003 -8.651629102736033 40.64626791479175 4.5541573 356.40366
515 0003 -8.651637655771014 40.646316292659726 5.9987736 332.79187
516 0003 -8.651638020562613 40.64637797677493 6.283457 331.9075
517 0003 -8.651672356881463 40.64643056520771 5.84568 335.28122
518 0003 -8.651702259580789 40.64648020959901 5.4775405 338.69812
519 0003 -8.651729140982134 40.64652572229011 5.212667 335.82822
520 0003 -8.651758460419996 40.646571483180416 5.0634856 319.83127
521 0003 -8.651804044446425 40.646590532810336 4.337506 276.6944
522 0003 -8.651862561310315 40.646574852278476 4.5241838 239.77266
523 0003 -8.651920458613816 40.64654971443913 5.6529026 227.56013
524 0003 -8.651977074061044 40.646516465353514 6.2071095 229.58522
525 0003 -8.652025534924496 40.646480498712435 5.566807 227.44626
526 0003 -8.65206605587487 40.646453562460245 4.208706 230.70058
527 0003 -8.652097894342692 40.64643263067626 3.2102458 234.45099
528 0003 -8.652127805538914 40.646417469054676 3.191875 239.68361
529 0003 -8.652153339296886 40.64640188961345 3.2815006 237.63258
530 0003 -8.652185355336963 40.646378301511874 3.522255 233.7872
531 0003 -8.65221392100061 40.64635281438402 3.4085975 226.5616
532 0003 -8.652241945305576 40.6463366300377 2.8749423 230.18242
533 0003 -8.652262254196419 40.64632655875143 1.9407673 234.86862
534 0003 -8.652270850931282 40.646327377703216 0.31151783 322.6648
535 0003 -8.65228101929761 40.646316501644435 0.0 322.6648
536 0003 -8.65228101929761 40.646316501644435 0.0 322.6648
537 0003 -8.652262104531 40.64633034876523 1.9113139 47.916588
538 0003 -8.652236765241621 40.64633619868619 1.6891928 59.36008
539 0003 -8.652209505746683 40.64634531364113 1.5058502 68.00813
540 0003 -8.652192146212384 40.64635233084111 1.3780752 72.43237
541 0003 -8.65217821984436 40.64635676085015 1.2181302 76.51116
542 0003 -8.652165737595869 40.64635867687901 1.0447242 77.42391
543 0003 -8.652156717074002 40.64636466604175 0.8927189 65.43251
544 0003 -8.652150842387906 40.64636796235652 0.5977222 59.249912
545 0003 -8.652147118281233 40.64636800839357 0.0 59.249912
546 0003 -8.652147118281233 40.64636800839357 0.0 59.249912
547 0003 -8.652147118281233 40.64636800839357 0.0 59.249912
548 0003 -8.652147118281233 40.64636800839357 0.0 59.249912
549 0003 -8.652147118281233 40.64636800839357 0.0 59.249912
550 0003 -8.652147118281233 40.64636800839357 0.0 59.249912
551 0003 -8.652147118281233 40.64636800839357 0.0 59.249912
552 0003 -8.652147118281233 40.64636800839357 0.0 59.249912
553 0003 -8.652156716901255 40.64636121008577 0.8387082 240.49017
554 0003 -8.652167217490835 40.64635329595375 1.2208116 232.57088
555 0003 -8.652169946765124 40.64633892451164 0.81821245 220.97308
556 0003 -8.65217867893543 40.64634661429363 0.0 220.97308
557 0003 -8.652171871413984 40.646349859538546 0.8505508 52.73157
558 0003 -8.652159693356792 40.64635724910439 1.3600477 45.373653
559 0003 -8.652145021525465 40.646363674897394 1.2639852 47.37547
560 0003 -8.6521359168739 40.64637015459623 0.90287817 49.948788
561 0003 -8.652134025937773 40.64637138291677 0.0 49.948788
562 0003 -8.652134025937773 40.64637138291677 0.0 49.948788
563 0003 -8.652134025937773 40.64637138291677 0.0 49.948788
564 0003 -8.652134025937773 40.64637138291677 0.0 49.948788
565 0003 -8.652134025937773 40.64637138291677 0.0 49.948788
566 0003 -8.652134025937773 40.64637138291677 0.0 49.948788
567 0003 -8.652134025937773 40.64637138291677 0.0 49.948788
568 0003 -8.652134025937773 40.64637138291677 0.0 49.948788
569 0003 -8.652134025937773 40.64637138291677 0.0 49.948788
570 0003 -8.652134025937773 40.64637138291677 0.0 49.948788
571 0003 -8.652134025937773 40.64637138291677 0.0 49.948788
572 0003 -8.652134025937773 40.64637138291677 0.0 49.948788
573 0003 -8.652134025937773 40.64637138291677 0.0 49.948788
574 0003 -8.652134025937773 40.64637138291677 0.0 49.948788
575 0003 -8.652134025937773 40.64637138291677 0.0 49.948788
576 0003 -8.652134025937773 40.64637138291677 0.0 49.948788
577 0003 -8.652134025937773 40.64637138291677 0.0 49.948788
578 0003 -8.652134025937773 40.64637138291677 0.0 49.948788
579 0003 -8.652134025937773 40.64637138291677 0.0 49.948788
580 0003 -8.652134025937773 40.64637138291677 0.0 49.948788
581 0003 -8.652134025937773 40.64637138291677 0.0 49.948788
582 0003 -8.652134025937773 40.64637138291677 0.0 49.948788
583 0003 -8.652134025937773 40.64637138291677 0.0 49.948788
584 0003 -8.652134025937773 40.64637138291677 0.0 49.948788
585 0003 -8.652134025937773 40.64637138291677 0.0 49.948788
586 0003 -8.652134025937773 40.64637138291677 0.0 49.948788
587 0003 -8.652134025937773 40.64637138291677 0.0 49.948788
588 0003 -8.652134025937773 40.64637138291677 0.0 49.948788
589 0003 -8.652134025937773 40.64637138291677 0.0 49.948788
590 0003 -8.652134025937773 40.64637138291677 0.0 49.948788
591 0003 -8.652134025937773 40.64637138291677 0.0 49.948788
592 0003 -8.652134025937773 40.64637138291677 0.0 49.948788
593 0003 -8.652134025937773 40.64637138291677 0.0 49.948788
594 0003 -8.652134025937773 40.64637138291677 0.0 49.948788
595 0003 -8.652134025937773 40.64637138291677 0.0 49.948788
596 0003 -8.652134025937773 40.64637138291677 0.0 49.948788
597 0003 -8.652134025937773 40.64637138291677 0.0 49.948788
598 0003 -8.652134025937773 40.64637138291677 0.0 49.948788
599 0003 -8.652134025937773 40.64637138291677 0.0 49.948788
600 0003 -8.652134025937773 40.64637138291677 0.0 49.948788
601 0003 -8.652134025937773 40.64637138291677 0.0 49.948788
602 0003 -8.652134025937773 40.64637138291677 0.0 49.948788
603 0003 -8.652134025937773 40.64637138291677 0.0 49.948788
604 0003 -8.652134025937773 40.64637138291677 0.0 49.948788
605 0003 -8.652134025937773 40.64637138291677 0.0 49.948788
606 0003 -8.652134025937773 40.64637138291677 0.0 49.948788
607 0003 -8.652134025937773 40.64637138291677 0.0 49.948788
608 0003 -8.652134025937773 40.64637138291677 0.0 49.948788
609 0003 -8.652134025937773 40.64637138291677 0.0 49.948788
610 0003 -8.652134025937773 40.64637138291677 0.0 49.948788
611 0003 -8.652134025937773 40.64637138291677 0.0 49.948788
612 0003 -8.652134025937773 40.64637138291677 0.0 49.948788
613 0003 -8.652134025937773 40.64637138291677 0.0 49.948788
614 0003 -8.652134025937773 40.64637138291677 0.0 49.948788
615 0003 -8.652134025937773 40.64637138291677 0.0 49.948788
616 0003 -8.652134025937773 40.64637138291677 0.0 49.948788
617 0003 -8.652134025937773 40.64637138291677 0.0 49.948788
618 0003 -8.652134025937773 40.64637138291677 0.0 49.948788
619 0003 -8.652134025937773 40.64637138291677 0.0 49.948788
620 0003 -8.652134025937773 40.64637138291677 0.0 49.948788
621 0003 -8.652134025937773 40.64637138291677 0.0 49.948788
622 0003 -8.652134025937773 40.64637138291677 0.0 49.948788
623 0003 -8.652134025937773 40.64637138291677 0.0 49.948788
624 0003 -8.652134025937773 40.64637138291677 0.0 49.948788
625 0003 -8.652134025937773 40.64637138291677 0.0 49.948788
626 0003 -8.652134025937773 40.64637138291677 0.0 49.948788
627 0003 -8.652134025937773 40.64637138291677 0.0 49.948788
628 0003 -8.652134025937773 40.64637138291677 0.0 49.948788
629 0003 -8.652134025937773 40.64637138291677 0.0 49.948788
