14:41:27 625 40.630572 -8.661340 29 316.0
14:41:28 625 40.630712 -8.661420 31 317.6
14:41:29 625 40.630780 -8.661472 32 318.3
14:41:30 625 40.630848 -8.661513 31 319.6
14:41:31 625 40.630900 -8.661551 31 319.6
14:41:32 625 40.630984 -8.661606 31 321.3
14:41:33 625 40.631052 -8.661657 31 322.2
14:41:34 625 40.631120 -8.661689 30 323.4
14:41:35 625 40.631188 -8.661721 29 324.5
14:41:36 625 40.631256 -8.661753 28 326.7
14:41:37 625 40.631328 -8.661785 30 333.6
14:41:38 625 40.631408 -8.661817 31 344.9
14:41:39 625 40.631484 -8.661849 31 345.3
14:41:40 625 40.631564 -8.661871 32 349.6
14:41:41 625 40.631644 -8.661874 31 353.3
14:41:43 625 40.631728 -8.661858 31 355.3
14:41:44 625 40.631816 -8.661855 33 358.4
14:41:45 625 40.631908 -8.661865 35 1.9
14:41:46 625 40.631996 -8.661857 35 4.4
14:41:47 625 40.632088 -8.661814 36 7.6
14:41:48 625 40.632208 -8.661801 37 8.8
14:41:49 625 40.632352 -8.661770 41 13.3
14:41:50 625 40.632496 -8.661686 43 17.0
14:41:51 625 40.632596 -8.661644 43 17.0
14:41:52 625 40.632716 -8.661581 46 19.1
14:41:53 625 40.632824 -8.661518 46 20.4
14:41:54 625 40.632928 -8.661485 44 21.5