14:41:33 683 40.632692 -8.661557 49 197.6
14:41:34 683 40.632576 -8.661607 48 197.6
14:41:35 683 40.632456 -8.661658 48 197.6
14:41:36 683 40.632352 -8.661709 46 197.7
14:41:37 683 40.632244 -8.661750 46 197.5
14:41:38 683 40.632140 -8.661811 44 197.3
14:41:39 683 40.632032 -8.661888 43 196.2
14:41:40 683 40.631924 -8.661938 43 194.2
14:41:42 683 40.631816 -8.661957 43 193.2
14:41:43 683 40.631704 -8.661955 43 192.2
14:41:44 683 40.631596 -8.661959 42 191.0
14:41:45 683 40.631488 -8.661969 43 189.9
14:41:46 683 40.631380 -8.661919 43 188.5
14:41:47 683 40.631270 -8.661911 43 188.5
