14:41:27 628 40.630772 -8.661455 28 320.8
14:41:28 628 40.630858 -8.661529 25 323.3
14:41:29 628 40.630948 -8.661593 29 329.9
14:41:30 628 40.631020 -8.661657 37 332.9
14:41:31 628 40.631085 -8.661689 37 332.9
14:41:32 628 40.631160 -8.661721 29 334.6
14:41:33 628 40.631228 -8.661753 29 336.0
14:41:34 628 40.631300 -8.661785 30 337.9
14:41:35 628 40.631380 -8.661817 30 338.8
14:41:36 628 40.631456 -8.661849 29 339.9
14:41:37 628 40.631532 -8.661851 29 340.9
14:41:38 628 40.631600 -8.661861 29 341.8
14:41:39 628 40.631672 -8.661878 29 342.8
14:41:40 628 40.631748 -8.661864 30 344.2
14:41:42 628 40.631820 -8.661852 28 0.1
14:41:43 628 40.631896 -8.661842 29 1.5
14:41:44 628 40.631972 -8.661831 28 5.0
14:41:45 628 40.632048 -8.661822 30 7.0
14:41:46 628 40.632124 -8.661808 30 9.7
14:41:47 628 40.632196 -8.661783 30 12.3
14:41:48 628 40.632272 -8.661741 30 15.1
14:41:49 628 40.632408 -8.661695 29 19.4
14:41:50 628 40.632480 -8.661672 28 19.8
14:41:51 628 40.632550 -8.661637 28 19.8
14:41:52 628 40.632608 -8.661619 26 18.9
14:41:53 628 40.632672 -8.661594 26 17.6
14:41:54 628 40.632740 -8.661571 26 16.8