3.1 0000 -8.66118 40.633693 0 25.8092
3.1 0005 -8.65970967 40.6360494 0 25.8092
3.2 0001 -8.66099254 40.6339871 0 25.8092
3.3 0004 -8.65920356 40.6368445 0 25.8092
3.4 0003 -8.65898666 40.6371853 0 25.8092
3.5 0002 -8.65884205 40.6374124 0 25.8092
3.6 0000 -8.66114256 40.6337517 0 25.8092
3.6 0005 -8.65974582 40.6359926 0 25.8092
3.7 0001 -8.66096129 40.6340362 0 25.8092
3.8 0004 -8.65923971 40.6367877 0 25.8092
3.9 0003 -8.65902281 40.6371285 0 25.8092
4 0002 -8.65887821 40.6373556 0 25.8092
4.1 0000 -8.66110512 40.6338105 0 25.8092
4.1 0005 -8.65978197 40.6359358 0 25.8092
4.2 0001 -8.66093005 40.6340852 0 25.8092
4.3 0004 -8.65927586 40.6367309 0 25.8092
4.4 0003 -8.65905896 40.6370717 0 25.8092
4.5 0002 -8.65891436 40.6372988 0 25.8092
4.6 0000 -8.66106768 40.6338692 0 25.8092
4.6 0005 -8.65981812 40.635879 0 25.8092
4.7 0001 -8.6608988 40.6341342 0 25.8092
4.8 0004 -8.65931201 40.6366741 0 25.8092
4.9 0003 -8.65909511 40.6370149 0 25.8092
5 0002 -8.65895051 40.6372421 0 25.8092
5.1 0000 -8.66103024 40.633928 0 25.8092
5.1 0005 -8.65985427 40.6358222 0 25.8092
5.2 0001 -8.66086756 40.6341832 0 25.8092
5.3 0004 -8.65934816 40.6366173 0 25.8092
5.4 0003 -8.65913126 40.6369581 0 25.8092
5.5 0002 -8.65898666 40.6371853 0 25.8092
5.6 0000 -8.6609928 40.6339867 0 25.8092
5.6 0005 -8.65989042 40.6357654 0 25.8092
5.7 0001 -8.66083632 40.6342323 0 25.8092
5.8 0004 -8.65938432 40.6365605 0 25.8092
5.9 0003 -8.65916741 40.6369013 0 25.8092
6 0002 -8.65902281 40.6371285 0 25.8092
6.1 0000 -8.66095535 40.6340455 0 25.8092
6.1 0005 -8.65992658 40.6357086 0 25.8092
6.2 0001 -8.66080507 40.6342813 0 25.8092
6.3 0004 -8.65942047 40.6365037 0 25.8092
6.4 0003 -8.65920356 40.6368445 0 25.8092
6.5 0002 -8.65905896 40.6370717 0 25.8092
6.6 0000 -8.66091791 40.6341042 0 25.8092
6.6 0005 -8.65996273 40.6356518 0 25.8092
6.7 0001 -8.66077383 40.6343303 0 25.8092
6.8 0004 -8.65945662 40.6364469 0 25.8092
6.9 0003 -8.65923971 40.6367877 0 25.8092
7 0002 -8.65909511 40.6370149 0 25.8092
7.1 0000 -8.66088047 40.634163 0 25.8092
7.1 0005 -8.65999888 40.635595 0 25.8092
7.2 0001 -8.66074259 40.6343793 0 25.8092
7.3 0004 -8.65949277 40.6363901 0 25.8092
7.4 0003 -8.65927586 40.6367309 0 25.8092
7.5 0002 -8.65913126 40.6369581 0 25.8092
7.6 0000 -8.66084303 40.6342217 0 25.8092
7.6 0005 -8.66003503 40.6355382 0 25.8092
7.7 0001 -8.66071134 40.6344284 0 25.8092
7.8 0004 -8.65952892 40.6363333 0 25.8092
7.9 0003 -8.65931201 40.6366741 0 25.8092
8 0002 -8.65916741 40.6369013 0 25.8092
8.1 0000 -8.66080559 40.6342805 0 25.8092
8.1 0005 -8.66007118 40.6354814 0 25.8092
8.2 0001 -8.6606801 40.6344774 0 25.8092
8.3 0004 -8.65956507 40.6362765 0 25.8092
8.4 0003 -8.65934816 40.6366173 0 25.8092
8.5 0002 -8.65920356 40.6368445 0 25.8092
8.6 0000 -8.66076815 40.6343392 0 25.8092
8.6 0005 -8.66010733 40.6354246 0 25.8092
8.7 0001 -8.66064885 40.6345264 0 25.8092
8.8 0004 -8.65960122 40.6362198 0 25.8092
8.9 0003 -8.65938432 40.6365605 0 25.8092
9 0002 -8.65923971 40.6367877 0 25.8092
9.1 0000 -8.66073071 40.634398 0 25.8092
9.1 0005 -8.66014348 40.6353678 0 25.8092
9.2 0001 -8.66061761 40.6345754 0 25.8092
9.3 0004 -8.65963737 40.636163 0 25.8092
9.4 0003 -8.65942047 40.6365037 0 25.8092
9.5 0002 -8.65927586 40.6367309 0 25.8092
9.6 0000 -8.66069327 40.6344567 0 25.8092
9.6 0005 -8.66017963 40.635311 0 25.8092
9.7 0001 -8.66058637 40.6346245 0 25.8092
9.8 0004 -8.65967352 40.6361062 0 25.8092
9.9 0003 -8.65945662 40.6364469 0 25.8092
10 0002 -8.65931201 40.6366741 0 25.8092
10.1 0000 -8.66065583 40.6345155 0 25.8092
10.1 0005 -8.66021578 40.6352542 0 25.8092
10.2 0001 -8.66055512 40.6346735 0 25.8092
10.3 0004 -8.65970967 40.6360494 0 25.8092
10.4 0003 -8.65949277 40.6363901 0 25.8092
10.5 0002 -8.65934816 40.6366173 0 25.8092
10.6 0000 -8.66061839 40.6345742 0 25.8092
10.6 0005 -8.66025193 40.6351975 0 25.8092
10.7 0001 -8.66052388 40.6347225 0 25.8092
10.8 0004 -8.65974582 40.6359926 0 25.8092
10.9 0003 -8.65952892 40.6363333 0 25.8092
11 0002 -8.65938432 40.6365605 0 25.8092
11.1 0000 -8.66058095 40.634633 0 25.8092
11.1 0005 -8.66028808 40.6351407 0 25.8092
11.2 0001 -8.66049263 40.6347715 0 25.8092
11.3 0004 -8.65978197 40.6359358 0 25.8092
11.4 0003 -8.65956507 40.6362765 0 25.8092
11.5 0002 -8.65942047 40.6365037 0 25.8092
11.6 0000 -8.6605435 40.6346917 0 25.8092
11.6 0005 -8.66032423 40.6350839 0 25.8092
11.7 0001 -8.66046139 40.6348206 0 25.8092
11.8 0004 -8.65981812 40.635879 0 25.8092
11.9 0003 -8.65960122 40.6362198 0 25.8092
12 0002 -8.65945662 40.6364469 0 25.8092
12.1 0000 -8.66050606 40.6347505 0 25.8092
12.1 0005 -8.66036038 40.6350271 0 25.8092
12.2 0001 -8.66043015 40.6348696 0 25.8092
12.3 0004 -8.65985427 40.6358222 0 25.8092
12.4 0003 -8.65963737 40.636163 0 25.8092
12.5 0002 -8.65949277 40.6363901 0 25.8092
12.6 0000 -8.66046862 40.6348092 0 25.8092
12.6 0005 -8.66039653 40.6349703 0 25.8092
12.7 0001 -8.6603989 40.6349186 0 25.8092
12.8 0004 -8.65989042 40.6357654 0 25.8092
12.9 0003 -8.65967352 40.6361062 0 25.8092
13 0002 -8.65952892 40.6363333 0 25.8092
13.1 0000 -8.66043118 40.634868 0 25.8092
13.1 0005 -8.66043268 40.6349135 0 25.8092
13.2 0001 -8.66036766 40.6349676 0 25.8092
13.3 0004 -8.65992658 40.6357086 0 25.8092
13.4 0003 -8.65970967 40.6360494 0 25.8092
13.5 0002 -8.65956507 40.6362765 0 25.8092
13.6 0000 -8.66039374 40.6349267 0 25.8092
13.6 0005 -8.66046884 40.6348567 0 25.8092
13.7 0001 -8.66033641 40.6350167 0 25.8092
13.8 0004 -8.65996273 40.6356518 0 25.8092
13.9 0003 -8.65974582 40.6359926 0 25.8092
14 0002 -8.65960122 40.6362198 0 25.8092
14.1 0000 -8.6603563 40.6349855 0 25.8092
14.1 0005 -8.66050499 40.6347999 0 25.8092
14.2 0001 -8.66030517 40.6350657 0 25.8092
14.3 0004 -8.65999888 40.635595 0 25.8092
14.4 0003 -8.65978197 40.6359358 0 25.8092
14.5 0002 -8.65963737 40.636163 0 25.8092
14.6 0000 -8.66031886 40.6350442 0 25.8092
14.6 0005 -8.66054114 40.6347431 0 25.8092
14.7 0001 -8.66027393 40.6351147 0 25.8092
14.8 0004 -8.66003503 40.6355382 0 25.8092
14.9 0003 -8.65981812 40.635879 0 25.8092
15 0002 -8.65967352 40.6361062 0 25.8092
15.1 0000 -8.66028142 40.635103 0 25.8092
15.1 0005 -8.66057729 40.6346863 0 25.8092
15.2 0001 -8.66024268 40.6351637 0 25.8092
15.3 0004 -8.66007118 40.6354814 0 25.8092
15.4 0003 -8.65985427 40.6358222 0 25.8092
15.5 0002 -8.65970967 40.6360494 0 25.8092
15.6 0000 -8.66027393 40.6351147 0 25.8092
15.6 0005 -8.66061344 40.6346295 0 25.8092
15.7 0001 -8.66021144 40.6352128 0 25.8092
15.8 0004 -8.66010733 40.6354246 0 25.8092
15.9 0003 -8.65989042 40.6357654 0 25.8092
16 0002 -8.65974582 40.6359926 0 25.8092
16.1 0000 -8.66024268 40.6351637 0 25.8092
16.1 0005 -8.66064959 40.6345727 0 25.8092
16.2 0001 -8.6601802 40.6352618 0 25.8092
16.3 0004 -8.66014348 40.6353678 0 25.8092
16.4 0003 -8.65992658 40.6357086 0 25.8092
16.5 0002 -8.65978197 40.6359358 0 25.8092
16.6 0000 -8.66021144 40.6352128 0 25.8092
16.6 0005 -8.66068574 40.6345159 0 25.8092
16.7 0001 -8.66014895 40.6353108 0 25.8092
16.8 0004 -8.66017963 40.635311 0 25.8092
16.9 0003 -8.65996273 40.6356518 0 25.8092
17 0002 -8.65981812 40.635879 0 25.8092
17.1 0000 -8.6601802 40.6352618 0 25.8092
17.1 0005 -8.66072189 40.6344591 0 25.8092
17.2 0001 -8.66011771 40.6353598 0 25.8092
17.3 0004 -8.66021578 40.6352542 0 25.8092
17.4 0003 -8.65999888 40.635595 0 25.8092
17.5 0002 -8.65985427 40.6358222 0 25.8092
17.6 0000 -8.66014895 40.6353108 0 25.8092
17.6 0005 -8.66075804 40.6344023 0 25.8092
17.7 0001 -8.66008646 40.6354089 0 25.8092
17.8 0004 -8.66025193 40.6351975 0 25.8092
17.9 0003 -8.66003503 40.6355382 0 25.8092
18 0002 -8.65989042 40.6357654 0 25.8092
18.1 0000 -8.66011771 40.6353598 0 25.8092
18.1 0005 -8.66079419 40.6343455 0 25.8092
18.2 0001 -8.66005522 40.6354579 0 25.8092
18.3 0004 -8.66028808 40.6351407 0 25.8092
18.4 0003 -8.66007118 40.6354814 0 25.8092
18.5 0002 -8.65992658 40.6357086 0 25.8092
18.6 0000 -8.66008646 40.6354089 0 25.8092
18.6 0005 -8.66083034 40.6342887 0 25.8092
18.7 0001 -8.66002398 40.6355069 0 25.8092
18.8 0004 -8.66032423 40.6350839 0 25.8092
18.9 0003 -8.66010733 40.6354246 0 25.8092
19 0002 -8.65996273 40.6356518 0 25.8092
19.1 0000 -8.66005522 40.6354579 0 25.8092
19.1 0005 -8.66086649 40.6342319 0 25.8092
19.2 0001 -8.65999273 40.6355559 0 25.8092
19.3 0004 -8.66036038 40.6350271 0 25.8092
19.4 0003 -8.66014348 40.6353678 0 25.8092
19.5 0002 -8.65999888 40.635595 0 25.8092
19.6 0000 -8.66002398 40.6355069 0 25.8092
19.6 0005 -8.66090264 40.6341752 0 25.8092
19.7 0001 -8.65996149 40.635605 0 25.8092
19.8 0004 -8.66039653 40.6349703 0 25.8092
19.9 0003 -8.66017963 40.635311 0 25.8092
20 0002 -8.66003503 40.6355382 0 25.8092
20.1 0000 -8.65999273 40.6355559 0 25.8092
20.1 0005 -8.66093879 40.6341184 0 25.8092
20.2 0001 -8.65993024 40.635654 0 25.8092
20.3 0004 -8.66043268 40.6349135 0 25.8092
20.4 0003 -8.66021578 40.6352542 0 25.8092
20.5 0002 -8.66007118 40.6354814 0 25.8092
20.6 0000 -8.65996149 40.635605 0 25.8092
20.6 0005 -8.66097495 40.6340616 0 25.8092
20.7 0001 -8.659899 40.635703 0 25.8092
20.8 0004 -8.66046884 40.6348567 0 25.8092
20.9 0003 -8.66025193 40.6351975 0 25.8092
21 0002 -8.66010733 40.6354246 0 25.8092
21.1 0000 -8.65993024 40.635654 0 25.8092
21.1 0005 -8.6610111 40.6340048 0 25.8092
21.2 0001 -8.65986776 40.635752 0 25.8092
21.3 0004 -8.66050499 40.6347999 0 25.8092
21.4 0003 -8.66028808 40.6351407 0 25.8092
21.5 0002 -8.66014348 40.6353678 0 25.8092
21.6 0000 -8.659899 40.635703 0 25.8092
21.6 0005 -8.66104725 40.633948 0 25.8092
21.7 0001 -8.65983651 40.635801 0 25.8092
21.8 0004 -8.66054114 40.6347431 0 25.8092
21.9 0003 -8.66032423 40.6350839 0 25.8092
22 0002 -8.66017963 40.635311 0 25.8092
22.1 0000 -8.65986776 40.635752 0 25.8092
22.1 0005 -8.6610834 40.6338912 0 25.8092
22.2 0001 -8.65980527 40.6358501 0 25.8092
22.3 0004 -8.66057729 40.6346863 0 25.8092
22.4 0003 -8.66036038 40.6350271 0 25.8092
22.5 0002 -8.66021578 40.6352542 0 25.8092
22.6 0000 -8.65983651 40.635801 0 25.8092
22.6 0005 -8.66111955 40.6338344 0 25.8092
22.7 0001 -8.65977402 40.6358991 0 25.8092
22.8 0004 -8.66061344 40.6346295 0 25.8092
22.9 0003 -8.66039653 40.6349703 0 25.8092
23 0002 -8.66025193 40.6351975 0 25.8092
23.1 0000 -8.65980527 40.6358501 0 25.8092
23.1 0005 -8.6611557 40.6337776 0 25.8092
23.2 0001 -8.65974278 40.6359481 0 25.8092
23.3 0004 -8.66064959 40.6345727 0 25.8092
23.4 0003 -8.66043268 40.6349135 0 25.8092
23.5 0002 -8.66028808 40.6351407 0 25.8092
23.6 0000 -8.65977402 40.6358991 0 25.8092
23.6 0005 -8.66119185 40.6337208 0 25.8092
23.7 0001 -8.65971154 40.6359971 0 25.8092
23.8 0004 -8.66068574 40.6345159 0 25.8092
23.9 0003 -8.66046884 40.6348567 0 25.8092
24 0002 -8.66032423 40.6350839 0 25.8092
24.1 0000 -8.65974278 40.6359481 0 25.8092
24.1 0005 -8.661228 40.633664 0 25.8092
24.2 0001 -8.65968029 40.6360462 0 25.8092
24.3 0004 -8.66072189 40.6344591 0 25.8092
24.4 0003 -8.66050499 40.6347999 0 25.8092
24.5 0002 -8.66036038 40.6350271 0 25.8092
24.6 0000 -8.65971154 40.6359971 0 25.8092
24.7 0001 -8.65964905 40.6360952 0 25.8092
24.8 0004 -8.66075804 40.6344023 0 25.8092
24.9 0003 -8.66054114 40.6347431 0 25.8092
25 0002 -8.66039653 40.6349703 0 25.8092
25.1 0000 -8.65968029 40.6360462 0 25.8092
25.2 0001 -8.6596178 40.6361442 0 25.8092
25.3 0004 -8.66079419 40.6343455 0 25.8092
25.4 0003 -8.66057729 40.6346863 0 25.8092
25.5 0002 -8.66043268 40.6349135 0 25.8092
25.6 0000 -8.65963528 40.6361168 0 25.8092
25.7 0001 -8.65958656 40.6361932 0 25.8092
25.8 0004 -8.66083034 40.6342887 0 25.8092
25.9 0003 -8.66061344 40.6346295 0 25.8092
26 0002 -8.66046884 40.6348567 0 25.8092
26.1 0000 -8.65959027 40.6361875 0 25.8092
26.2 0001 -8.65955532 40.6362423 0 25.8092
26.3 0004 -8.66086649 40.6342319 0 25.8092
26.4 0003 -8.66064959 40.6345727 0 25.8092
26.5 0002 -8.66050499 40.6347999 0 25.8092
26.6 0000 -8.65954525 40.6362581 0 25.8092
26.7 0001 -8.65952407 40.6362913 0 25.8092
26.8 0004 -8.66090264 40.6341752 0 25.8092
26.9 0003 -8.66068574 40.6345159 0 25.8092
27 0002 -8.66054114 40.6347431 0 25.8092
27.1 0000 -8.65950024 40.6363287 0 25.8092
27.2 0001 -8.65949283 40.6363403 0 25.8092
27.3 0004 -8.66093879 40.6341184 0 25.8092
27.4 0003 -8.66072189 40.6344591 0 25.8092
27.5 0002 -8.66057729 40.6346863 0 25.8092
27.6 0000 -8.65945523 40.6363993 0 25.8092
27.7 0001 -8.65946159 40.6363893 0 25.8092
27.8 0004 -8.66097495 40.6340616 0 25.8092
27.9 0003 -8.66075804 40.6344023 0 25.8092
28 0002 -8.66061344 40.6346295 0 25.8092
28.1 0000 -8.65941022 40.63647 0 25.8092
28.2 0001 -8.65943034 40.6364384 0 25.8092
28.3 0004 -8.6610111 40.6340048 0 25.8092
28.4 0003 -8.66079419 40.6343455 0 25.8092
28.5 0002 -8.66064959 40.6345727 0 25.8092
28.6 0000 -8.6593652 40.6365406 0 25.8092
28.7 0001 -8.6593991 40.6364874 0 25.8092
28.8 0004 -8.66104725 40.633948 0 25.8092
28.9 0003 -8.66083034 40.6342887 0 25.8092
29 0002 -8.66068574 40.6345159 0 25.8092
29.1 0000 -8.65932019 40.6366112 0 25.8092
29.2 0001 -8.65936785 40.6365364 0 25.8092
29.3 0004 -8.6610834 40.6338912 0 25.8092
29.4 0003 -8.66086649 40.6342319 0 25.8092
29.5 0002 -8.66072189 40.6344591 0 25.8092
29.6 0000 -8.65927518 40.6366818 0 25.8092
29.7 0001 -8.65933661 40.6365854 0 25.8092
29.8 0004 -8.66111955 40.6338344 0 25.8092
29.9 0003 -8.66090264 40.6341752 0 25.8092
30 0002 -8.66075804 40.6344023 0 25.8092
30.1 0000 -8.65923017 40.6367525 0 25.8092
30.2 0001 -8.65930537 40.6366345 0 25.8092
30.3 0004 -8.6611557 40.6337776 0 25.8092
30.4 0003 -8.66093879 40.6341184 0 25.8092
30.5 0002 -8.66079419 40.6343455 0 25.8092
30.6 0000 -8.65918515 40.6368231 0 25.8092
30.7 0001 -8.65927412 40.6366835 0 25.8092
30.8 0004 -8.66119185 40.6337208 0 25.8092
30.9 0003 -8.66097495 40.6340616 0 25.8092
31 0002 -8.66083034 40.6342887 0 25.8092
31.1 0000 -8.65914014 40.6368937 0 25.8092
31.2 0001 -8.65924288 40.6367325 0 25.8092
31.3 0004 -8.661228 40.633664 0 25.8092
31.4 0003 -8.6610111 40.6340048 0 25.8092
31.5 0002 -8.66086649 40.6342319 0 25.8092
31.6 0000 -8.65909513 40.6369644 0 25.8092
31.7 0001 -8.65921163 40.6367815 0 25.8092
31.9 0003 -8.66104725 40.633948 0 25.8092
32 0002 -8.66090264 40.6341752 0 25.8092
32.1 0000 -8.65905012 40.637035 0 25.8092
32.2 0001 -8.65918039 40.6368306 0 25.8092
32.4 0003 -8.6610834 40.6338912 0 25.8092
32.5 0002 -8.66093879 40.6341184 0 25.8092
32.6 0000 -8.65900511 40.6371056 0 25.8092
32.7 0001 -8.65914915 40.6368796 0 25.8092
32.9 0003 -8.66111955 40.6338344 0 25.8092
33 0002 -8.66097495 40.6340616 0 25.8092
33.1 0000 -8.65896009 40.6371762 0 25.8092
33.2 0001 -8.6591179 40.6369286 0 25.8092
33.4 0003 -8.6611557 40.6337776 0 25.8092
33.5 0002 -8.6610111 40.6340048 0 25.8092
33.6 0000 -8.65891508 40.6372469 0 25.8092
33.7 0001 -8.65908666 40.6369776 0 25.8092
33.9 0003 -8.66119185 40.6337208 0 25.8092
34 0002 -8.66104725 40.633948 0 25.8092
34.1 0000 -8.65887007 40.6373175 0 25.8092
34.2 0001 -8.65905541 40.6370267 0 25.8092
34.4 0003 -8.661228 40.633664 0 25.8092
34.5 0002 -8.6610834 40.6338912 0 25.8092
34.6 0000 -8.65882506 40.6373881 0 25.8092
34.7 0001 -8.65902417 40.6370757 0 25.8092
35 0002 -8.66111955 40.6338344 0 25.8092
35.1 0000 -8.65878004 40.6374587 0 25.8092
35.2 0001 -8.65899293 40.6371247 0 25.8092
35.5 0002 -8.6611557 40.6337776 0 25.8092
35.6 0000 -8.65873503 40.6375294 0 25.8092
35.7 0001 -8.65896168 40.6371737 0 25.8092
36 0002 -8.66119185 40.6337208 0 25.8092
36.1 0000 -8.65869002 40.6376 0 25.8092
36.2 0001 -8.65893044 40.6372228 0 25.8092
36.5 0002 -8.661228 40.633664 0 25.8092
36.6 0000 -8.65864501 40.6376706 0 25.8092
36.7 0001 -8.6588992 40.6372718 0 25.8092
37.1 0000 -8.6586 40.6377413 0 25.8092
37.2 0001 -8.65886795 40.6373208 0 25.8092
37.7 0001 -8.65883671 40.6373698 0 25.8092
38.2 0001 -8.65880546 40.6374189 0 25.8092
38.7 0001 -8.65877422 40.6374679 0 25.8092
39.2 0001 -8.65874298 40.6375169 0 25.8092
39.7 0001 -8.65871173 40.6375659 0 25.8092
40.2 0001 -8.65868049 40.637615 0 25.8092
40.7 0001 -8.65864924 40.637664 0 25.8092
41.2 0001 -8.658618 40.637713 0 25.8092
