15:1:37 685 40.633142 -8.661419 33.000000 19.0
15:1:37 685 40.633142 -8.661419 33.000000 19.0
15:1:54 685 40.634234 -8.660776 25.000000 28.0
15:1:54 685 40.634234 -8.660776 25.000000 28.0
15:2:4 685 40.634867 -8.660374 31.142857 25.1
15:2:4 685 40.634867 -8.660374 31.142857 25.1
15:1:37 657 40.632989 -8.661475 30.000000 17.9
15:1:37 657 40.632989 -8.661475 30.000000 17.9
15:1:54 657 40.634254 -8.660835 43.800000 23.8
15:1:54 657 40.634254 -8.660835 43.800000 23.8
15:2:4 657 40.634945 -8.660335 28.222222 25.5
15:2:4 657 40.634945 -8.660335 28.222222 25.5
15:1:37 681 40.633254 -8.661367 29.000000 17.8
15:1:37 681 40.633254 -8.661367 29.000000 17.8
15:1:55 681 40.634426 -8.660695 31.800000 25.4
15:1:55 681 40.634426 -8.660695 31.800000 25.4
15:2:4 681 40.635122 -8.660221 31.888889 25.6
15:2:4 681 40.635122 -8.660221 31.888889 25.6
